3.046359999999999069e-01 -3.684870000000000645e-01 8.783040000000000846e-01 -1.943120000000000402e+00 -2.021849999999998648e-02 -9.244270000000001097e-01 -3.808239999999999403e-01 1.123439999999998606e-01 9.522559999999998803e-01 9.825359999999998262e-02 -2.890630000000000144e-01 4.679989999999999206e+00 0.000000000000000000e+00 0.000000000000000000e+00 0.000000000000000000e+00 1.000000000000000000e+00
3.065459999999999852e-01 -3.643090000000001050e-01 8.793810000000000793e-01 -1.938110000000000221e+00 -1.811140000000000319e-02 -9.259230000000001626e-01 -3.772769999999999735e-01 1.132150000000000656e-01 9.516850000000000032e-01 9.972479999999996070e-02 -2.904359999999999720e-01 4.673579999999999401e+00 0.000000000000000000e+00 0.000000000000000000e+00 0.000000000000000000e+00 1.000000000000000000e+00
3.164469999999999228e-01 -3.625400000000000844e-01 8.766010000000001856e-01 -1.930599999999999872e+00 -1.275909999999997983e-02 -9.256320000000001214e-01 -3.782119999999999926e-01 1.120599999999997987e-01 9.485259999999997582e-01 1.084979999999999833e-01 -2.975379999999999692e-01 4.667089999999999073e+00 0.000000000000000000e+00 0.000000000000000000e+00 0.000000000000000000e+00 1.000000000000000000e+00
